theta
-1.37666365638087
-0.273752812689149
0.647309468060088
-0.18634456559423
0.262171860758948
-1.28098700964421
0.0390541677620228
-0.850574885452355
-1.27217677005167
-0.772806851748704
-1.52648019669354
0.610832054656113
-0.62500458632557
-0.214516980991979
-0.606290464993176
-0.609357396640405
-0.93654306517364
-0.106849309044473
-0.357838735028333
-0.936298105975348
-0.470579124781789
0.968150991521866
-1.24898236700774
0.365633117574449
0.632897785712428
-0.350444720555716
0.248601176713899
-0.832350339395436
-0.0333545903096687
-0.979572111415994
-0.717160545762924
-1.43615476647139
1.14067626590774
-2.06245942867404
-0.171777831650434
-0.438620801980888
-0.593055831348549
-0.111104906678113
-0.582112974904137
0.732643480340685
0.00954213516468225
-1.49076038493651
-1.19577360778843
0.876725174784501
0.864263091149566
0.149264327790632
-0.397555466342304
2.4483813042198
-0.529851204371398
-0.933096803935642
-0.1509835121167
0.612213735707207
-1.03227064632598
-1.43899087022189
-0.899499500924824
0.786763350771672
0.925544828706143
0.0332268612948347
-0.654402020429896
0.856337593537985
-0.586783723796176
0.450109251549237
-0.181686045371873
-0.414200955841946
-0.34733596840314
0.660905290058471
-0.337826018619118
3.16567208441715
0.371286979557146
-0.00899522434913201
0.44273147063138
-0.693235662655346
-2.04409937574217
2.88916932695058
0.331176457891477
-0.101542571874279
-0.826484998504263
-0.145094573645147
0.373522981796596
0.883620193968519
0.488444100430704
-0.0672608346263727
0.560866530604748
2.14512793426174
1.76751373915026
0.507304031529554
-2.88507026599704
0.332359679253364
-0.734770038633228
-0.54173231831319
0.102919139957128
-0.443467038974555
1.7223033210555
-0.341835693174863
1.76800393887513
-0.392638841678267
-0.513684309266929
-1.04395319824425
0.709169387271932
-1.51382213632584
-1.03581571440376
-0.303137906786307
0.45356435986187
-1.68892623306698
0.7169727338901
0.131063701658301
-0.916010951472569
0.476905596876401
0.425735323207295
-1.20096275198886
0.778177232643692
0.762093295856243
0.782134172597265
0.532985931471179
0.574463882436004
0.758621474632259
1.23739326653753
-0.521546015846939
0.673144936538192
-0.554703197999577
-0.351230926693593
-0.482643530771307
-0.0437160005277822
-0.514424456804781
-2.08835382924706
1.17453101337226
-0.809871925652888
-0.634597302857928
-1.07528569998913
0.829957824004066
1.38461546872578
0.454830191048301
0.0544217142378372
-0.601475683328012
-0.751160310785784
-0.90073575628819
0.140589398057746
0.805023252827066
-0.861187592664585
-0.624477706524749
-1.36870272202913
-0.0779364880824729
-1.15126454635756
0.679366569321095
0.724573628587316
-0.95888035541961
0.589507421626809
0.55005534910743
1.55530125721269
0.0820323450674321
-1.18281993067862
-0.617658267284093
-0.414278613992843
-0.40145062541177
-0.139743987363062
0.0473173277858785
-0.406110940866205
-2.84863202752225
0.23630596376056
-0.775360719841463
-0.108852288246916
-1.08898113421955
0.603886279451069
1.10406382409057
-0.446529107823776
-0.724530505028909
1.21676387134757
-0.379869825283587
0.391556827525959
-1.01630914392524
-0.931711729191599
0.925180674402294
0.829005269633249
-0.374449468568694
-0.859962922011758
-2.03442076566995
-0.558055129092936
0.24976013159621
0.0888820412498856
-2.00279774068791
1.88357027953487
-1.13232001252705
1.17985164698397
2.06850104360569
0.171422028975704
0.428256112369474
-0.0542002202240079
0.102330234878697
1.04838346656379
-1.66719050853506
0.850585020611332
0.199985389915919
1.00037231778326
0.633075338366479
0.466796291831538
-1.86246004464897
1.46290007552289
0.695464081075093
-0.376520288730008
-0.432278652670627
-0.641282677116005
-0.69186936723315
-0.611406424111361
-0.929102999752538
-0.435690156693835
0.465100501978479
0.155205660562494
1.22158570698664
1.62556029310429
0.4929939021077
1.88698261127939
-0.793010364781469
0.473080644528155
-1.75897540568792
0.867977223256878
0.590055306759346
2.0215404365342
1.9524693043229
0.57924227647679
0.149751009115849
-1.15476650062163
0.42254012747432
0.00566241210707382
-1.67118063078447
-1.06401337698768
-1.57266621842541
0.191883951607355
0.291592728596787
0.858115900183821
-0.875275053223285
0.550152924687038
2.77207641306385
0.628820879655194
0.663669956558446
0.0615725689844517
-0.0155750924138992
-0.133431279775856
1.96124209728201
1.31961907419173
1.27672778509981
-1.28491615406115
-0.406599443944418
1.63981463654595
-1.91321772846092
-1.48994147956662
-1.03073686176617
1.44260574037593
-1.01331932555553
1.80364489402777
-0.0981521384517556
-0.631824796773961
-0.65459679873917
0.674851545257333
-0.213481714860371
-0.57577518941635
3.00533644155121
1.03340977392001
-0.265716777154515
-0.63336888964819
-0.405959185076009
-0.122483254670088
-0.979614595327968
-0.910279134786031
0.0315486908515823
-0.687719918532979
-0.0113135276076505
0.202135780082219
-1.76105586665473
-0.440961914154888
1.60415839643759
-1.34051462398709
1.81270575980464
-0.710340296994386
0.383035155230338
-1.26304339864356
1.23974641465871
-1.06340572818597
1.41564000522693
-1.00870599595071
-0.793051484030227
0.474487980752467
-1.42606289965866
-1.33028000356653
-0.61623249214964
-0.184710836935869
-0.819564030774623
-1.96908209181779
1.19275192156513
-0.977923273791929
-0.580184608361833
0.906581448272172
-0.615746988831147
0.722341890721225
-0.325907256515799
0.295694845171103
1.04481900804413
1.87034545012978
-1.01676739921537
0.806237102630403
0.243530969438663
-1.7302900300629
-0.0338132204755007
-1.4597630999538
0.930935833046408
1.07498111800772
-0.225261784692098
-0.350166165767848
-0.666605893004819
-0.469604605327733
0.306560881538581
0.282374435504679
-0.217100393471637
0.49455442722513
-0.642569157972027
1.03031406836753
-1.5456398556933
0.48107813411974
0.619136168403036
0.283358176855807
1.70502529651646
-0.314944878928473
-0.597560504348411
1.68507717520346
2.03265866895469
-0.267551236182227
0.696829637201405
-0.492357933540204
-0.675849230627638
-0.593287052535687
-0.701527728619314
2.35937549354693
2.79431393886026
-1.11053285196371
-0.430075337461891
1.07091000045838
1.64619967784189
0.736114316938139
-0.587522696236659
-1.12055047212978
-0.643674866865714
-0.808872222980274
0.250954124321242
-1.05025548324129
2.32734307601
-1.72124268669188
-0.943733330468957
0.0198937999149008
-2.29579323539224
-1.67001370612849
0.354091109677386
-0.452800726000502
-0.583503414917455
-1.23384890934283
1.3993242048746
0.36717109055326
-1.11649224655983
-0.588567230746602
0.552388673424935
0.645898258068198
-0.578610965882594
-0.463148361057363
-0.495011715772819
-1.72194841135031
-0.820908831034495
0.61010518920284
0.900810585042579
1.22390261432137
1.48543671346582
-0.963154311785239
0.0633369812382655
-1.11398380308601
0.948460852656024
-1.7059001158956
0.720554362774855
0.717676159782319
0.575447882018601
-0.145595065856094
-0.786167772882272
0.142921446736404
-0.127175956482332
2.26197114912728
0.970231927747692
-0.759430883202204
-2.04738988034886
-1.74639280795769
0.71651285516423
-0.165705651724736
1.24662673587212
-1.84185629206938
-1.03532955838981
-1.07818180077765
-0.206968481187548
2.06677788331226
-0.551459367036476
0.286958172173891
-0.267964282594143
0.755988015368692
0.381689997302074
0.248705827972536
-0.0126181740401899
-0.0963657264558861
1.79585728303464
-0.0249149076883355
-1.22757101157523
1.01014931167774
1.14130557684508
0.631461863192594
-0.521523309405507
0.965412081767067
1.0727744394671
-0.0234783050571737
0.0781341554818844
-0.886821560215201
-0.657653916167577
0.00507170064289125
0.999623417466814
-1.45536689115668
0.50522623449673
0.0491533601075851
-1.34221854350372
-1.55000268235424
1.62442051649733
0.843353992889234
-1.27328115171446
0.873103137653001
-0.639426655523467
-1.02269997287622
-0.443480035065394
0.115389308649518
-0.509294807781344
0.483607464655448
0.157534129017607
-0.812988506839591
1.75400097794295
-1.79526062747015
0.855549991067042
-2.27279214431839
-1.60966127665483
-1.61324454336725
1.74538899453365
-0.107289936529148
0.605401284041157
2.36877805333325
-0.64955027175342
1.42365024765865
0.283029700914635
0.688834528051517
0.884390274529594
-1.70737672080623
2.31680412066399
-0.351569305253937
0.205205171630807
0.331846058794174
0.176129381333566
0.393977460083579
0.468957765212822
-0.706351814186772
-0.449176037012737
-0.108858721675155
0.642628168747205
0.168730604305183
0.111324954684844
0.450524419164538
0.00715545185919515
-0.553296777760664
-0.762869617975725
-2.09323242188992
1.00069197900129
0.0698134368787963
0.800843808789749
-0.937092741932481
0.0407857780004726
-0.123658550225234
-0.109675386657653
-0.16005426914701
1.15146954310766
0.334386751570605
-0.12589325880892
0.276533737747555
-0.991743726314194
0.215559375373976
0.0986767433304593
-1.16110402600672
0.155794501121318
0.369461873569429
3.27266553805986
-1.52315179408404
0.860522839886281
-0.124262009278411
-0.350728312135818
0.3136030668748
-0.743707106709311
-0.447865865058979
-0.0481774171621734
0.815194606920732
1.58267321604127
-1.50107882255429
0.0225877474938178
0.158004252454013
2.13877262396299
-0.92305332817621
-1.94666467842367
-0.36025997553935
-1.89364641132841
0.400737949437276
-0.0306811494869054
-0.2330738234309
-0.496117045645181
0.285454124259635
0.764999881616194
-2.10853097734223
0.309510973830896
0.249367693279708
-1.43153948357637
-0.854346379943032
0.270660335561021
1.02792350415991
-0.528665867394317
0.143492560138448
0.505504551142843
1.18820474720715
-0.541628011103363
-0.821747513161556
0.501504843572851
-0.315897463622176
2.50245546497995
0.790824691277395
-0.27573350922185
0.263006451016279
-2.22234217289809
-1.09388315730986
-0.566355687473444
-1.19364662846063
-0.533630651702631
0.429108586534762
-1.64408457518388
-0.942286792235969
0.903894781236348
0.0413977608390867
-0.951047653367011
1.06531573866668
-1.72168487805695
1.06594465946657
-0.976156441369108
0.346124071495924
-0.253735191986509
-0.991361048221607
1.29818515987003
0.32325972191078
-0.273105389450056
0.30350325275679
-1.26544217348299
-0.785561381982067
-0.390594411584778
-1.23285875718531
1.08812100994297
-1.52342515944922
-0.817951480877531
0.245309550062394
0.132324986844304
-0.793136185405602
-1.48481912122432
0.423913578835132
0.000760967767980784
-1.83118933216084
0.505426370538863
-0.565450674307695
0.22539294914853
1.2189900772056
-2.2679505371929
-1.37970393082319
0.602416124759869
-2.03651213220182
-0.681270566398232
-1.62588543773244
-0.307203552831564
-1.39777674893134
1.10277182547682
0.386876004770591
0.402187417158879
-0.949500557298298
0.80568949797855
0.486288767143099
0.750043261638098
-0.725675685128698
-1.51291330228739
-1.20326537863059
-1.82769894427015
0.542368619748286
0.379730219610286
-0.876251483049857
0.558492926680909
1.87417958433278
0.317032625054327
-0.717283379787305
1.46258351491067
2.06502335896242
-1.72344754999496
-1.05594327883623
0.120821570557155
-0.713072726621634
-0.0397877246153678
-1.0960995423435
-0.600811140516708
0.32125520088352
0.543816722170368
0.681229808986559
1.27502674053002
0.338382676754363
0.929938603332814
0.70193567142132
-0.929392456396891
2.6741277422386
-1.68987265189937
0.526793856496616
0.754522360831612
-0.536311666994486
-0.36320929047367
-0.0564116875351439
1.08143826654131
-0.415715261314732
-1.35406677294366
1.45874637186515
0.647230951699282
0.348155670308999
-0.0261727564704948
-0.946056547220518
0.881120181964395
0.0424531331545601
-0.920694130517393
0.820314166149213
1.12502648828881
-2.13699676478112
-2.5122705394321
-1.8665518608404
-0.790320854306668
0.579183264060262
0.625626709518737
1.94030742750094
-0.627726650758796
-0.174121391099763
-1.17211802197128
0.264719148995362
-0.504168166538416
-0.261449621772286
-0.244508555026873
-0.347606312679032
0.567794930958616
-1.66826358208322
0.678372389632426
0.419771538940503
0.83498273503824
1.74962621521907
-0.0222459329100606
-0.63344808931974
-2.10685410630051
0.0646074425927553
0.916969664434839
-1.59842725993085
1.14026516338681
-1.79748394253458
-0.155312198204744
-0.424180697281069
-0.692381950929936
-0.71743965818927
-0.776046615624216
-0.123867786222357
1.10951618777152
-0.0167557101541139
1.80022730974313
-1.76673195770905
0.0296558159047609
-0.253065224991201
0.558520010818306
-0.690144554806495
-2.45072824936492
1.52469779594269
0.00714851497151837
-0.497273425037299
0.856139837559701
0.197618386885612
-0.18947643139562
0.301530528412965
-0.605656314009448
-0.326765512638867
-0.564703445686093
0.584025406591169
-0.403025220056216
0.332347547699583
1.02740312068608
0.91730604922853
-0.971464444956713
0.738945998730726
-0.564690834220564
-1.08506904860602
0.999244132472085
-0.00850552434494215
0.898833350672321
2.28610575163003
-1.38019016555057
-1.2303546882556
-1.81384963036896
0.110171688889044
-0.134089913445909
-1.38614314870196
-0.528112585401067
-0.364301988815849
0.485347834688309
-0.904291035515247
-1.22867098037771
-0.350590404488399
0.225582770287367
-1.30672149868832
0.0982778049521789
0.433362497216734
0.273525936266101
-1.57045192953274
-0.933530885875299
0.0789341001196902
-0.973168490550428
-0.717765491250574
0.215430486837289
-0.29970843599909
-1.34329442720378
-0.794967823785403
-1.64322020778473
-0.39621253886481
0.33966504419379
-0.593718967272632
-1.41820885538762
1.1826711997345
-0.943874828400951
0.87399472515622
0.210352411820196
-0.123368970743836
1.18899875649151
1.35223637218281
-0.618034622558083
0.105013722072664
1.31867781495037
-1.04751992948514
-1.08949453896647
-0.555445173767618
1.79854611480021
-0.138985771538852
0.441406064412952
0.840717215413569
0.677514554216725
-1.74080538389316
-0.377018619497263
-0.477646164133126
-0.458764462167268
-1.24506565733167
-1.0393524591944
1.76387294796355
-2.01645664776825
-0.817180793772981
-0.198485982988449
0.64004090014274
-0.761251999533968
-0.263457988337602
0.123520206199323
-0.437859076550365
0.401767113480526
-0.460521719123541
0.685244339938386
0.637376042960581
-0.999762790188279
-0.118541959386872
1.56973944677204
-1.94057109236248
0.953545040643268
-2.32138065269577
1.17191578174926
-1.15783317399371
0.412155375308054
-1.80331004525647
0.42617802454227
-0.505854611381093
0.539418643158626
-0.719930361458338
0.0334169500561227
-0.247588297682549
0.347360850143488
0.303572539978839
-1.64883076291489
0.312878451126402
-0.629708880066132
0.092609851226028
0.727919099892272
0.810329689822549
0.848163952572031
0.266377817132636
1.35369382990764
-0.843311044332532
1.27514811480397
0.281654840910659
-0.181245426876605
-0.261954465213977
0.658143191728805
0.621458078218912
-0.271723271261434
-0.321943541559275
-1.34183438341028
0.0735464494652592
0.473954881912552
-0.00762932330779171
-0.35536871149404
1.35910923886342
-0.0150918058393105
-0.349394171131041
-0.96609400119042
0.691801150670422
-1.79451463961775
-0.201964753090135
0.557923072629361
0.965037360192074
-0.0634853130662857
1.06233834082658
1.01457364818045
-0.029806031460244
0.672429745655965
-0.750627595180436
-1.01876644484229
0.182022156591778
-0.238656672978021
2.16246098391844
0.464562204806598
0.469752903189046
-0.186785211522625
-0.0438239619056027
-0.897886278643121
0.744803545746426
0.474134859413774
-0.569053190807616
0.354535588233639
-2.09440000802093
-0.345606088546176
-0.785815555545947
-0.236034299292526
0.401527837976175
0.409081484320851
1.0420325543356
-1.15590649367942
-1.48497491733508
1.02346573501716
-0.323910972111982
0.508232243653468
-0.458816749464331
-0.905843979860208
-1.5190942067027
-0.173430390897508
-0.843410825798378
0.600884079831406
0.114390724653841
-0.495924291671831
0.0316111187197816
0.185624933338727
1.10328737243661
0.0165670233279423
-1.2208345306241
0.683170274405513
-0.185120471094471
-0.697308904239839
-0.0916489917168623
0.351318484705055
-0.598236288699196
-1.84149489322181
0.171720015751038
-0.899345733068504
1.45599247414935
-0.45312432401695
0.430654296850459
-0.804144335707397
1.1972581081044
-2.81289091363237
0.0951962463522413
1.35201416745167
0.267634547069843
0.748495247178478
1.8457027988506
-0.114864630326272
-0.680224769746131
0.828385163378293
-0.109437682553353
1.18610311743343
-1.00869110480558
-0.999004262248976
2.64794114550184
-0.958324189711331
-0.834718515874902
-0.55997540230771
0.099957924752889
1.00197390964607
0.409871477052343
-0.112567123123178
-0.653629360570917
0.608936812770651
-0.238918075531852
-0.579116069082527
0.784531738553117
-0.445343894576568
-1.06558739272642
0.013035174490619
0.0846539741640478
0.0627206106551534
1.33818681620833
0.501076586741077
1.75710194839647
0.477109644141763
1.9125996193318
0.953665893156923
-0.287984932561655
-0.358423962165402
-0.634891862060695
0.527737166059382
0.382350726460166
0.00154668791136455
0.423582444030882
-0.349686083194807
1.57583795910466
-0.105478012344242
1.83250731080391
-1.88632428107233
0.138044380009475
0.48103885192633
-0.975801916277018
0.892996713591879
0.332864564765545
0.509782738491728
0.0071040881754816
-0.326224608818031
-1.67162748630341
1.20220433224332
1.74444614589117
0.292249470736035
0.695881527206809
1.22639340852279
0.705504557161982
-2.22707157066766
-1.14469842163578
0.290880862401058
-0.471296229378907
0.145999087466634
0.273389306854294
0.493210321684146
-1.07266429236553
-0.017438095609388
-0.946758847823183
0.866406003655518
0.600152134483502
0.294559026536608
-1.95544451777722
1.0187998815188
-0.220684619685284
-0.0491654041583241
1.29100766394484
-2.48124430455898
-1.10027377091857
1.58391320920039
0.486117272576552
0.274243057192993
-1.09372232301054
-0.290326668620378
1.01810108606593
2.28637637313767
0.777393956899407
0.457817073456101
0.893458803106448
0.084997394728925
-0.884447570273291
-0.216713117731106
-1.35992334486411
-0.518294008132994
-0.216910077749801
-0.634406383591678
0.567632526281358
-1.1022293628486
0.397072107467184
-0.365136655070373
0.93174904121654
0.734902678535088
-0.631050283658078
1.3216058137654
3.58950714866196
-0.47144553635738
0.974292645231938
1.22364266496969
2.1901633723361
1.31425335045336
-0.435393598439392
-1.39461983416671
-0.296987105906309
-0.9516062824064
-0.265559225414666
-0.657481274958136
-0.264322454824881
1.06554607092972
0.0818306579704519
-0.181077364612582
0.199608321703834
1.0323134889153
0.565399705026019
1.55499687970202
0.588690707300149
-1.16941418511358
0.661500050988973
-1.02019059566299
0.737387883259451
0.286236883545653
0.2842297072592
-0.527077687736188
1.24758221123026
-1.72043914907329
1.27062900309475
0.413435416978507
-0.333202724677484
1.0188919932758
-0.666064949934157
0.0448422320698971
-0.36255395347169
-0.915658726228639
-2.27949796424604
-0.00915959318600079
0.258717125852166
1.75910273060205
0.126784703445912
0.497407857480951
-1.37292411852731
-0.228791795395652
-2.76792535211578
-0.642360506245796
0.138995739534178
0.864356227876587
-0.310451522164554
1.46727035480302
0.54927160480298
-1.33951241402273
2.30127204291268
-0.367076703460855
0.483051298882409
-0.089951300961349
0.619505566716398
-1.24381323348408
0.270830300926075
-0.836104819061732
-2.55251848953107
0.465271412858831
0.708895042643704
0.570191356630306
0.198307480086223
0.0484043475213802
1.48580650478524
-0.155389942862953
-0.927044968180428
-0.663172039693864
1.13310526401467
-3.39646220630862
1.29989628550597
-0.502507961312014
-0.629590814723265
-0.816500937981533
-0.0554090537377573
-0.400314604494925
-0.636027259356584
-1.1003690898611
-0.968417474678564
-1.0141986258846
-1.06451178776674
1.64956379316456
0.790806801414067
-0.681535991872236
-2.00737434472388
-0.377361067548827
0.183623505285361
1.49020763910154
0.0880205746147361
0.874109413477185
-1.40063628670977
-0.649903168165049
-0.671136191642147
-1.0192820481225
2.07916642449886
0.543088528528342
1.44172233537332
0.866365429292237
-0.512141146976471
-2.15472422005411
0.913530441062807
-0.615706688466113
-0.525779825516096
-0.0406111367573681
1.09717241955336
0.49195286283906
-0.421374805521494
-0.447779242610003
-1.11088870319907
1.70683562435517
0.536205038029632
1.0810749700986
0.871816543188117
1.04244486091885
1.92275979660846
0.845793975482371
1.94701019144213
0.867630307423529
1.83488472547285
1.02980201183008
-0.275375763973347
-0.000970701446684565
-0.46657675253672
0.337010372847308
-1.56577797297972
-0.924120795829515
-0.806023814284713
-0.600749033634315
0.828167531114554
0.478112787873644
1.90292644572016
-1.2301070837225
-0.292922435392887
-0.516749886487989
0.70634417383034
-0.684123850192643
1.56187759079872
-0.222019749334138
-1.79499099010807
-1.05028552874516
-0.36685652871852
0.00732366994089369
-1.08923883603577
-2.62130911746316
-0.118570723937084
0.128770322661122
-0.500649946781409
0.875482187868445
0.489292980241031
-1.09367812656125
1.08451154859779
0.641172760308362
-0.746716239798415
-2.09177841028134
0.298066944525412
-0.0430297013872961
0.26235623495235
0.320241910293435
0.874406414805459
0.884164401083232
0.0675056875044529
0.172102424824274
1.00271570289307
-0.254052880319172
0.786838337444977
-0.889209665040358
0.862963573351105
0.545284094345973
-0.42440853335905
-1.07510322301394
-0.23705889268388
0.40388566256706
0.217550169312926
1.15465092471838
1.22549587462828
0.048780063514196
-0.523193120014214
-1.87047055328557
-1.58572887411295
-0.608373077932493
1.6143906572922
-0.291396481491928
0.433483326824602
0.800379829921616
0.420129105837625
2.20136794828302
2.24959936214428
-0.549118433727621
0.743009210276756
-1.69566805067728
-0.0885297380972657
-1.27204286665416
-0.820001176669037
-0.333894624522359
-1.56825675007955
2.29198086092715
-0.125163072473287
-0.23118273135894
0.23256510421687
-1.18158941843028
1.02621351969997
-0.541537749845517
2.11349321618958
0.160823132648164
-0.526192140739524
0.163531429399846
1.13361298275115
-0.871901003597953
0.831767290218077
-1.25401829183922
-0.704277841038945
0.153562947931226
-0.729496066392248
-0.500020791325299
0.284476952826526
-1.46015831208139
-1.08064658691976
-0.198205460064028
1.19401833751577
0.722416460429385
-0.249066929386554
1.22695408232789
1.43490567874533
0.296974702943074
-1.1754345706973
-1.8621296115366
-1.20174821521463
-0.617421025735115
2.13266609226431
-0.701999245844263
0.797220513777499
0.223453433137025
-0.0835368423247943
2.25995372633841
0.464856013788911
-0.638855973941457
-1.10114898543751
-0.513647234915186
-0.2059677037239
-0.574150825167978
0.0728935559997709
0.227169478575709
-0.417364317866447
-1.10437120924557
0.324456519889115
0.909754222141894
-0.981830883940513
-1.8531126994532
-0.782448946347425
-0.643784569602098
-0.827087366742045
1.92503534287385
-1.43200438380707
0.195542243217339
0.114567941678339
0.404402264543606
0.78646400399262
-1.51847938650495
-2.23240637046775
1.30667067559837
0.327704995671044
-0.316493728935496
-0.0575831881935402
-0.319517908290902
-0.270785949642485
0.402506732701589
1.91201806870218
-0.0695181582183129
0.133560652855808
0.806736156058771
-0.63549323952111
0.215187999937114
-1.83110996221234
-0.506467085453667
0.220623623238381
-1.38609119288911
0.644710031859714
0.461981747774739
-0.216080254531543
0.430297096644003
0.437866990252865
-0.809709200155491
-1.20126903427752
0.444934391866759
0.510535602894097
-0.919115090751146
-1.03636968525802
-0.423955287205197
-0.00289160310516483
0.0594986084379787
-1.10645628330132
0.509031099135274
0.895376106002362
1.26435429492538
2.06021115817225
-1.10625573318085
0.558092823744302
-0.0128936255675072
-2.10382754164641
0.285304319465246
-2.3037194597348
0.275171302511679
1.02118538624846
1.75961985795551
-0.685964779599359
-0.0794286671999299
0.655224790437845
-3.06127171955111
0.587614094898405
0.255389142620467
2.44871614375576
-1.6524722225365
-0.657624869429373
0.457041138727727
0.192150964993474
1.72807247146293
-1.01914758225165
-0.213376055556137
1.06220588242965
-0.799591561267925
0.508326056294889
-0.852546289059674
-1.01065441730573
-1.24580142230238
-1.46768510164955
3.14093278721576
-1.56356661842428
-1.69676069446899
-2.41018069842912
0.0112888948109243
0.109046606331508
-1.74201212908315
-1.71902061088251
-0.198968613592519
0.263531185027699
1.92535543291054
-0.504528250767633
0.471562439919453
1.56536056556698
-1.19594886337066
0.114926173725467
-0.402567176577387
-0.0573542035056737
-1.98431916041376
-1.24478413419856
0.525795978347583
-0.556713015924034
0.0741437258172778
-1.65955594604275
1.12995855635877
-0.838889789014013
-0.0741758103416619
0.708176549739512
0.95119405657909
0.257425210392266
0.527306819694085
0.463339165652263
0.971370848561285
-0.218735776442247
0.509199323190413
-0.593548799050788
1.16878055703815
0.327426897938622
-0.653846748361132
0.358250092717787
0.224822229391375
-0.637590776579736
2.00404177159176
2.20881908872856
1.44824353886033
0.587169334121023
0.518805295685441
0.689064532281793
-0.607572555028908
0.224080671386253
0.561384287138427
-0.379998874733834
-0.343138252620609
-1.91312947893372
2.08177162648941
-0.586722276101844
-1.09245108442442
0.652409939538518
-0.418145170500406
0.239339604493698
-1.14462050925872
0.305899373362361
0.312913715538871
0.658975852814542
0.634026344244521
0.473746890732122
0.716676722532361
0.412933069509452
1.67571014901221
0.788365194581294
0.152647760049003
0.136109792403575
0.756701298774272
1.01779055103975
1.17790139680168
-0.395453153011162
1.23150309859405
1.43024337892985
-0.20376515912117
-0.481687116719153
1.6294800462086
0.161708476497434
1.35243077683343
-0.893926714113837
-0.803570260613149
0.0975564224039047
0.892058507796556
0.589518400992835
-1.92721748983464
1.47159788356739
0.490242124749151
-0.520693026104042
2.06971148356285
0.956728423754733
-0.0991290033312871
0.717481356462206
-0.0271196044585532
0.695203140947344
-0.421806566688403
0.625560158407577
-0.854333998584399
-0.175616076579139
0.583082826068518
0.9211601654617
2.42154795183544
0.0506596462575228
-0.973150371233051
-0.888253836156367
0.290782480210026
0.687618096171507
-0.453838767705236
-1.12101821037544
1.33741882090286
0.866906477392947
0.348858213992262
-1.90757363075743
1.008046359155
1.35227868160289
-0.941321990042431
-1.95964153876484
-0.725472206957295
-1.424280189451
-0.789932317123301
1.60776774329222
1.15331150049726
1.48800904090365
-1.21738670204739
-1.42704377820843
1.08990115728135
0.23778720120823
-0.581836888022462
0.217283631005494
-0.846027550217579
1.91384084640874
1.11115182782982
0.396362849848889
-0.540433949683254
0.967165532928545
1.05444505588283
-0.814885512912308
-0.744680175555015
-2.24749842244543
-0.44025545532315
-1.12717418403384
-0.523514952508185
-0.385304364591696
-0.839604775577855
0.792548996484837
-1.86940684158053
0.412363618107245
1.06041455256621
1.15483728401194
-0.710018780106278
-0.0680764680183001
-0.121740496670704
0.72923487467464
-2.47715432687759
-0.308407167748531
-1.33610909373141
1.43357285888692
-1.66238453764354
-2.59996403192557
-0.373053470254742
0.892608951975024
0.930539983514135
-1.69967548403167
0.16768600437507
-0.39017755400589
-0.137095563353188
-0.104341874637379
-1.77424120533952
-1.37029237327491
-0.212184042384305
0.616239480428367
-0.38721274655576
-0.0384987253590514
0.862549990493015
-0.308827081182533
1.75987303421503
-0.441019685151231
0.548970930611679
-1.41556900203983
0.294283008073386
-0.98702809799092
1.44413127877978
-0.589023454346512
0.837573122714481
1.09993678651848
-0.911477635425107
0.3390209764782
0.655203853752042
-0.2911287022911
0.462708237720955
0.896247702949524
-0.379107596211492
-0.249365487876906
-1.63037558279787
-0.271542777546631
-0.304543187480563
-0.647994804249047
1.07798844800307
0.905550342482854
1.69486147293862
-0.949820769560415
-2.74303199746744
-2.53548063068061
-0.993898189488122
-2.18129227816631
0.385515910310007
-0.770235437584708
1.64357815529713
-0.186902763307135
0.148410319295492
-0.827988800523145
0.477363094563003
-3.27989772423873
-0.589422690808431
-1.55831436043459
0.423309631618729
0.227804211032839
1.2615456127919
-3.2776147698073
-1.37979927147344
-0.608233385101961
1.55240809032704
0.800386146076412
-1.55905972386425
-1.06483873309891
1.14905371076696
-1.15079445736311
0.626538761367571
-0.527540016950732
-1.19790137455545
-1.34181218594339
1.22992536773891
0.2328763254016
1.01451002654662
2.57322899722798
0.520256868507275
1.90333769879186
-0.118055439757126
-0.0341770806379394
1.83774662362827
0.994434668528872
0.40727879490325
-0.560928958283041
-0.200568068739676
0.802351976875401
-1.61581100604857
0.141536354240501
0.497628018280541
0.743148332299506
0.515345993864514
-0.903100551352173
-0.965294559140039
0.0875081149454912
-0.47082814527131
0.409937655441165
0.145625225371291
-0.52343943369583
-1.31092223132652
-1.322137030689
-1.20462596985555
1.03490570537043
0.438212485296087
0.494414189532456
-1.45848779018287
1.25913184310537
0.897558846581837
3.1474768262251
-0.886464776418931
0.0808412094155819
-1.02105439117209
0.556480305248111
-0.374672525042071
0.830139107874135
0.155385682519988
0.0296088057895378
-0.80808451304316
1.40614935580521
-1.67570088640829
1.06301680260905
0.43616644797699
0.0298702579958006
-2.22442925962248
2.27719093260573
-1.49631999425555
-0.0548452584236617
-1.40743501288953
0.181086622793612
-1.18778411046287
-0.708208634375808
-1.17329326957756
-0.150329902695045
1.09058095333821
0.098551506612015
-0.982921518470976
0.593260698565142
0.478269410319995
-1.35657289994011
-0.529673379435984
1.54659004327788
2.28017447112007
1.01369525370661
-0.684990387110114
-0.331767317243323
0.564147436297817
-2.18850327155007
1.8487202359583
0.722181279280532
0.467326076590605
0.991201653727968
-0.349448091995657
-0.347547706758625
-0.563476997970055
-0.810994145024827
1.99392024248426
-0.224358325964565
-2.52771741827435
-1.323444402409
0.840139933358529
1.16243017549549
-1.01358838429312
-0.256070080952139
0.838129440946066
0.579673774045896
0.843574462123561
-0.935939851792435
-1.39830929067902
-0.185944277432014
-0.450374479789659
-0.845347538928041
-0.18878992630384
-2.151648589756
0.196896552718474
-1.05583039549659
-0.249073395983742
-0.854863043610413
-0.375478177940163
1.05398146487666
0.873923905831009
-1.62990577565328
-0.512267746718349
-1.15606470937165
-0.942958492192542
-1.02916400694784
0.389883449312755
1.10694466475987
-0.410577029296194
1.60767372034106
1.13546111968014
0.624620243287474
-0.93450867022944
1.41743225250562
-0.34455132764469
0.756167110602109
0.114237614893495
-0.364047343674948
-0.765521255793454
-0.824075712126561
1.39590344256849
2.66268552626172
2.13948229164081
-1.91953761852941
0.250797859590307
1.53200944287565
-0.453008202206434
-1.9805419817192
-0.692405042988439
0.963604316160117
-1.34852133193801
1.07430563263006
0.537299447692685
-0.471573564948367
0.643686808692317
-0.0427264070331473
1.22175564912736
0.610596366222724
-0.96271190052834
-1.59321838052659
1.4219120959185
-0.789003796145916
1.76521175168266
-0.703605699031902
0.248749006870958
-0.0840862997357319
0.804259060743585
-1.61464205547975
0.659722150639057
-0.826102495026303
0.22257262435603
0.574457101203763
2.17890849658128
0.266340314779763
-0.981896683718266
-0.784525673871111
-0.442630010170278
-0.329236417298751
1.50711649101479
-0.532362445681743
-0.211868552601931
0.512862119621944
-0.560683398847026
2.16583897057631
0.703644187892237
-0.858950441264248
0.37005052791964
-0.126274566298975
0.544942286354962
-0.445540657977741
0.181742925294315
2.32859325608592
-0.0767142670130062
-0.908259198261552
1.83737910526465
-2.68682722734458
0.391968869377362
-0.613290482918795
0.629228566644201
0.804996211679078
-0.485054888698779
0.665854121457422
0.44307481693908
-0.197548697320578
-0.20877274573081
0.285856444400136
-0.828377300622983
-0.460937085060089
-0.322025270611343
-0.181803009456073
-0.166118507927373
-0.690669639843067
-0.258293935481988
2.23825721578796
-1.07875311834726
0.925592894101579
0.782677186932058
-0.124379269884707
-1.99836560644907
0.0454961619864244
0.608668307015491
0.569693086339831
1.09966625690641
-0.827748439875284
0.210794845621354
1.24115522863889
0.561054146176826
-0.645534708833002
-1.76835445531212
-1.29226114524461
-2.19320085822566
0.183339191547023
-0.183057911073895
-2.09696602632774
0.49657307736111
1.74582177754838
-1.35960121643523
0.191806602955508
-0.252410174309389
-0.111886478012621
-1.37896745296612
-2.11920305212929
0.479674715935128
-0.321484730005143
0.713553304192474
-1.67670741730042
1.53295716495636
-0.742581549564229
-0.482861640310061
-0.927516598486501
-2.78549298355332
-1.65520239314866
1.20054096373354
-0.539982240085329
-0.123422363391477
0.394373329504459
0.637241765618364
0.883337995794165
1.14738669829912
0.607239924234523
-0.345889119018449
-2.1566732003167
-0.978780131566839
0.771002813556656
1.05623489049339
-0.257380217040895
-2.30371505684745
-0.113184619499597
-0.63444520551983
0.0442196167175846
2.12838336178002
0.0759982426384809
0.819930435516945
0.80037809576214
1.07782558874968
0.819826186870933
-0.217843821748229
-1.40295557511864
0.80799445322717
-0.295989589367807
-0.305022092276196
0.769991907673076
-0.378913888467588
-0.0875136079730548
0.69374048172105
-1.37046556324942
1.17912766561809
1.99801302509411
-0.791322906070506
-1.81510013868336
0.938286861083206
0.293456573412838
0.854126387063774
-1.26162703973177
0.0136263058650964
-0.888733502437979
-0.711769468598283
0.47446447257125
-0.521204906627182
1.45052033309843
1.06416803358316
-0.947227239370943
-0.677153862751706
0.751307895017202
0.680885791160841
2.18165861374857
1.13203493621986
0.108454351614299
1.76250496141018
-0.355236492374529
-0.895544652209819
0.388032648634132
0.183103395352589
-1.58686565012608
0.27288945383699
-0.290730342651298
-0.173486084947169
0.516016235990207
-1.47749793190327
0.506166779451492
0.733113429773453
-0.683037021663136
-0.260506869215987
-2.41419767423387
0.56390372911257
0.0557358933430834
1.53701519533558
0.565417013699085
0.50916977643807
1.0246304050106
0.680782980186445
-1.65518299911766
0.592517823950303
1.63066077566632
-1.41681178224899
0.0948733682102845
1.12654245290399
-0.344420403659312
-0.459203045667775
-1.07409372337548
0.384420352072579
-0.277811566235533
0.384448082927273
-0.121433436811857
0.197789772026969
1.36907001219069
1.32978282253046
-0.191433642433165
0.504169268156656
-0.390197569281917
1.71781649074928
0.423180365642259
-0.564021693515086
0.821918031233202
1.49176902124842
0.0761934023393432
1.10842964334795
-1.64474386386875
0.467721381549298
-0.806368400647034
-0.671015642234503
0.425098960673767
0.357534636277102
-0.907516221368221
0.272523606246504
0.163721979069387
-2.7522232544232
0.589680848952751
2.48033755007088
-1.18555154957997
1.1948791547953
0.375682874814739
-0.405840561763798
-0.816901994726923
0.232251296281695
-1.06662203743914
-1.04393493135632
0.719709384194086
0.0383463842964345
-1.03945481470672
0.00940143629240753
0.797120849005681
0.142393774078566
0.31437521934609
-0.518659923661937
-0.589151141725003
-0.10800263527614
0.406394991725501
-0.527310528308727
-0.827531013003944
1.83486449769648
-0.293987361995571
1.27632062801316
-0.762690597740388
2.37496923839942
2.54523565751034
0.206951914626261
0.862904354340347
0.272560141361524
-0.98291367637854
0.948950928704171
-0.181218291042703
1.30145791543532
-0.845996954743
1.19994009581686
1.2770293692408
-0.915215887426362
-2.23584453798475
0.272496105333481
-1.66779450523778
-1.69252846943341
1.46945593335597
-0.844781493321871
-1.03858190664761
0.000262216891979832
-0.189588907732903
-1.06225448343374
0.508039568084308
1.74667114669543
0.29487466636098
0.86846117813791
0.554923076251111
-0.988052107781622
0.244995812787883
-2.35807351501917
0.583631594689154
-0.793266799274329
-0.501951611388914
0.394773427700287
-2.71306526039588
0.133756533464468
-1.02144827874096
0.194040301406632
-0.246295569961387
-0.675993236089048
-0.354816423903236
0.505966928346495
-0.824226953054962
-0.140974941659247
0.189248370380344
0.929854028503914
1.37129391844187
1.31054030527457
1.13343719952408
0.0586827735501511
-0.953395282637127
0.957725506063028
-0.107562879240071
0.438818551352864
1.00075177947431
0.785164840100812
1.33628031486863
-0.683850065589958
1.10439384733012
-0.614095061867627
-0.477448700876643
-1.0111668377448
-1.99354162056259
0.00484141377009446
-1.76401797027468
0.27215931341681
0.921845888029566
0.536595453393374
0.950333005757828
-1.27697585823519
0.524847300772251
1.56730183439163
-0.890836507919808
-1.28709183469568
-0.387545391855365
1.1254433084569
-0.492358931820148
0.134873333057143
1.21294309060524
-0.199999553675136
0.446098992805979
1.34617056301137
0.16826577451366
1.38630200422273
1.86657742472027
0.761974823861851
-0.952407512783185
-0.476282474001526
1.89680653140993
-0.753718280230062
0.969964608785604
-1.24958344589779
-0.736810816259905
1.93095747293158
2.43004148661166
0.729298745710944
-0.0731937346067207
0.83442834175252
0.412874168780699
-1.2725030740439
-1.7423962108325
0.222208790169865
1.83269087890369
1.23899843592568
0.11082044192843
0.107977339138429
0.0461367562478807
0.00805444078646709
0.891468020685691
-0.878259476618771
1.73642278684456
-1.8033945711715
-1.52892842973935
0.834929667108852
0.373106261249489
-0.256807856168804
-0.745961422508928
-2.72923339480583
-0.559826859179649
-1.52460924365978
0.319374422862087
1.29720828558555
-1.42968100729116
1.78409924383273
0.349838104905678
-0.560531489258868
2.14224063381997
-0.395441452232121
1.11504183019401
1.33777702088307
-1.26624500680858
-1.40897129718399
-0.263047110387879
0.346832240885365
0.325081362294854
-1.22383760833422
-1.26543584743973
2.82521466432717
-1.78368732181377
-1.44163662306621
-0.429079688246173
1.60983320146708
0.252346656333035
-0.0994852928045775
-0.944253088268952
0.0621546774727939
0.454690303985833
0.466248497138173
1.60430877236249
-0.607070675116798
0.409167604528459
1.40777076926024
0.128353561797471
1.00169713263559
0.600558707153113
-0.147264983825285
-0.273658727910783
0.0666064984365029
2.12103586751264
-0.117137705889162
-0.318267178635486
-0.189660203808869
-0.969843173313108
0.894417540318945
0.264011458968863
-0.565272629336607
-0.236255143175599
0.58449071397871
0.0955713193408149
-0.453644779454339
-0.546094883446101
-0.96328994974905
0.143790406706206
0.396657591774663
0.0800915655560226
-0.349884740215903
-1.38081745718071
-1.30213948201972
0.84312533986848
-1.01149870019856
0.0812092514080941
1.87578505870226
-0.230921817617249
0.912329092189703
-0.275274286171507
-0.374596034814938
0.521788290419889
0.382539267898797
-0.11658580920586
0.876592399181126
-0.752082722297851
0.016538261179638
1.10009127946656
0.851597024721158
-0.0714851682287383
-0.0189096594126594
1.79618094608488
-0.775833335397563
-1.36113598265329
-0.881674691019896
0.131800848666034
0.0838190384623806
-0.488637910430209
0.511406208180616
1.48439022895726
1.07650763447426
0.307583380814656
-0.527016337042733
-0.602961014375417
0.736829194239981
0.105990214678386
-1.25669148169309
0.409362497949194
-0.469875951276997
-0.513732882961968
0.0711733143951411
-2.35355330913819
-0.562607574519174
1.36263273163476
0.337002020826221
-1.19137087858151
0.566783535701804
-2.09118235273035
1.76825565015485
-0.562054053820635
-0.692801352139041
2.13989693164167
-1.52217233636172
1.67651507799489
-1.79664437708675
0.0453358880965139
-0.357401653783285
1.00316238362928
-0.109983693563937
0.0531259385255622
1.56114210218132
-0.381515108837572
-0.253828222978558
0.66530874156496
0.49548732153361
0.13082794996866
-0.915069227969915
-0.391407225703395
1.56716157528438
1.28348282299474
1.57869038418089
-0.518963196621497
-0.183391101063548
-1.92330273343949
0.452721220066642
0.102197543504488
1.00535168323514
-0.774285885158815
-0.488429876392289
1.37578054933961
-0.241175409374061
0.980906192249083
1.18345110366716
0.221135564872207
0.577661888498468
-0.82791968338531
-0.318876945951935
-0.324671908063875
-1.21005492074719
-1.56600436521648
-1.27568973889106
1.54908557408621
1.00914665596817
-0.403006809700413
-0.904901491280236
-0.760143877210558
0.395512721212593
0.841220052974889
0.371440955414112
-1.249511427994
-1.31668138301674
-1.55795524826242
-0.733325112123657
-0.0417329745893633
0.0371867542980931
-0.0638497676038789
-0.903587793497304
-1.12108114635261
-0.0647581310267225
-0.0249153861565634
-1.21053740788622
-2.14455379025213
1.39571243130807
1.36220410723184
-0.588851451506429
-0.311999709555648
0.966582193334358
1.26784816539671
-0.707564932073457
0.235019931752472
-1.76848570957156
-0.201612258868125
1.3116604699743
-0.55757893164814
0.0758936067291044
-1.15992847016199
0.97613958518156
0.929253324189453
1.43574065098182
-0.785301399073145
-0.834743345483755
-0.965750726064668
-1.72344904246029
-0.316206174297774
-0.0502064598757195
-0.43096706406762
0.0690715891487054
-1.7655254879869
2.14765206988083
0.805537113071205
0.982583834033441
0.706501458712204
-0.316463274392321
0.705427414389928
-0.150275967132828
0.43998436268605
0.189672384454243
0.452971745165461
1.19940034056349
-0.934147488478723
0.942173057108393
-0.645726458692935
-1.61347581620172
-0.044204499197425
-0.0127654558873523
-0.545762320613224
1.29508794517829
-0.975170666726301
-0.405828108905319
1.38967125148461
-1.38594424267418
0.12310657147043
-1.05562811232363
0.967661249304223
-1.87226097932843
-1.70983817501753
0.608367760841732
-0.673890541934179
-0.324964865465694
0.830470934797556
0.229859577052369
0.652406843770771
-0.0397918491508949
-0.205764173104635
-1.6164636583461
1.12029410951013
0.443705245642536
-0.0743228194368286
0.357777334774301
0.311679409517112
-0.477324450879141
-0.0914116561925887
-0.750956310584873
-0.632734131771934
-1.04852774530304
0.479912109712036
-1.25984640565194
1.37365435734853
2.02966189671513
0.417307447798343
-0.328767771305849
0.335444792880985
-0.466259016272927
-0.0640823258997669
0.132530329893653
0.0980157925199737
-0.464724469771651
-0.581242455220578
0.982613002264042
-1.05787624568376
0.475616421072598
0.599517017908854
1.32391027574721
-0.730058209252277
-0.716662588452843
0.18505448516109
-2.27675323468795
-1.84741601701146
-0.236966831161513
0.666022535118834
-1.04639910382071
-1.23359454779151
-0.194982925297642
-1.77169828929379
0.96510102581709
0.341110721568407
-0.518558157380126
-0.0381918721198457
-0.534177334970245
0.355131397946658
0.0627076454201561
0.0617298778167195
1.70713456084317
-0.796673009761641
-0.352849008572806
0.468020281564298
-0.0606999440861614
-0.92749222731889
0.144945848761753
1.13219413484579
-1.01300096894534
-0.600208783838664
-0.691068855362247
0.227930735621311
-0.509165586179727
1.46075257078911
0.831915241947871
0.514019707789253
-0.635985602703083
-0.345353384285866
-0.143396712353559
-0.350245462729079
-0.393210005603323
2.1807808842779
1.27594160631742
0.804454546792365
-0.216998701693632
-0.81335922411887
-0.349260383859571
0.341181782412925
-0.180598812529209
-1.83554299179747
0.240196966358557
0.524783719287796
-0.661437335580916
-1.05218060789319
1.73692148627487
1.21592006265914
-1.07851466554682
-0.716468781407959
-0.718159559179445
-0.309886332940733
0.219950122511653
-0.426865667904016
1.83602618794299
1.06366784456607
0.811410579320001
1.65551685340486
-1.58051606610771
0.757649101793093
0.444377875690762
0.844183267265944
0.783483659084254
-0.570267063433806
0.824166082186666
-1.32048421065795
0.396792821859943
0.962002886610651
-1.09969980211171
-0.19547376447697
0.49039507698172
0.58259690662845
-0.516688896914884
-1.09115670352471
0.472495522041242
-0.255293368432766
0.702767179165752
2.05279091333176
-0.255392278487532
-0.0986203750553624
-1.21136928698104
-2.01206699571906
-0.0524505207179217
-0.911437003188083
1.75348889644616
-0.0208002271391891
-0.0474557092123123
-0.771219515729935
1.43524838539761
1.73235860026903
0.418197992585175
-0.215115271677427
-0.759136809050259
2.18570313255104
0.394057883792993
0.935305811566533
0.732383068035941
-0.502885436398511
0.559456253700894
-0.28526733670156
-1.17473783512443
0.188063300140944
-0.151782047067818
0.19135033235801
1.02531337030942
-0.0871377730132366
0.0582162996879601
-0.0355455088416086
0.477127525433837
0.0995227498923807
0.403593776049303
0.0960118647921599
0.542163533583637
-0.266078854342302
-0.501126990342222
-0.366047952828997
1.61035238234331
1.0652954904196
0.635492218403584
-0.517035448995375
-2.19194574460353
0.262220985855171
0.544290743600416
0.292773815493222
-0.261742680021887
-0.136381563901886
1.60876734018515
-0.0563034032696443
-0.71759610775132
0.53348171960967
-0.85515076787113
-0.398109021560646
-0.84250206060327
-0.367199066207658
0.439098685043074
-1.38171513769125
0.751873971626548
-2.24390427927397
0.572221481205683
0.338110881882215
-0.440315770435599
1.08491884527349
1.10959224926909
1.1447281124655
-0.0213522689229194
2.29542838150932
1.18054089750765
-0.251166560790355
1.83026908588488
-1.7798837641059
-1.01100360893477
0.764288324412809
-0.154763380753664
1.11810533839377
1.52869948655577
-0.331294885099915
1.56923881821533
-0.282696041906969
-0.302688816417857
0.728390877941698
2.65383290375853
0.181970680851284
-0.596013140095731
-0.286103146921667
-0.8590412950827
0.561800116480315
0.785961567420154
-1.29923398017311
-0.145295171693464
0.251981484035461
0.114388024720063
-0.225338363910383
1.77786870137731
-0.576454625894101
0.875293418458972
0.00959184562281512
-1.61496909445791
0.282860853984494
1.05412420195114
-0.81662783246799
1.00940297297688
-0.236614194488483
-0.201272796332916
0.228879696340856
0.239794829119361
-0.373767754090136
1.9975678231863
0.087636211975561
-0.530200491885867
-1.92664642226217
1.11966664187629
-0.652356068589986
-0.365260307583213
0.374335722326286
0.239546756294497
-0.0818825978005777
0.88132939508668
-0.544690056495633
-0.466503388157576
1.19681959256345
0.471154296961306
-1.40885428263919
-0.418314932208501
0.262221099804384
-0.628497043814188
-0.952543211245127
-1.21949940417657
-0.421270897104065
0.102894896132191
-1.30422066606218
-0.675662192509157
-2.36020695268232
-1.00427202949725
-0.643828482889376
0.300619742657897
-1.68707610272878
-1.83978342192914
-1.13168218602738
1.67050067331834
1.47658673334654
-1.59775788484174
0.741231415662881
1.92924566765384
0.578211590737885
-1.08024227046253
-1.59130870041443
-1.26897449894217
1.9680947311522
-1.49042900341844
-0.977805649471744
1.40433379789279
-1.16042441671852
0.358221877436891
-0.190836544314577
0.0907499304110916
1.95796733359477
-2.56289623339233
0.312450341173095
0.245014165340679
0.282694610813155
-1.27448062748517
-0.141180324336802
0.293465925131265
0.910535487582085
-1.45201758170287
0.416450010230851
-1.01536257200127
0.381443904783662
0.0841908669626528
-1.4654301862968
-2.03497086381844
2.33607243965411
-0.273936128630583
1.3628625504766
0.121595362119876
-0.776709544865077
-1.12642222517852
1.75609587388559
-1.21172138657372
-0.985531846829382
1.00448739225388
-0.820902755112225
0.24090464390048
0.848511220401765
-0.444834902754054
-0.804726856465485
0.976760796275181
0.170939078822132
-1.9048154183852
0.838749701862888
0.169674078239966
0.264920248052543
-0.592452884021659
1.8473623500154
0.58142896992947
2.13080147864127
0.905489469490765
-0.251756693329902
-0.727521911614894
-0.303835671723693
-1.2577063184017
0.513559768591026
0.385473135319259
-0.373791184416923
-0.00252057008136503
-0.214550645189435
-2.05428042329796
1.63236339360136
0.0181861207494345
-1.88499973108971
0.0543393378754001
-0.299138334598987
-0.298064661022784
-0.738226857414221
-1.59240826471057
0.34328571286172
-1.41896324939289
-0.896534181076342
0.138757579731142
-1.62339432995839
0.718159100027342
-1.53034392877491
-0.39109936512332
0.924518236226548
0.799157185746044
0.754089019967439
0.0996905675718178
-1.23443364092161
-0.559899013230173
-0.230235321363277
-1.51994625278687
0.977623675692409
-1.19791670191365
-0.695869646564045
1.6599158526336
0.486594596135488
0.643395030429192
0.0559173815526019
-0.31106463974051
-0.0862508184344173
0.805682202408305
0.662024573579803
0.448789792720507
2.59231596145146
-1.17588145278302
-0.588622298481345
0.997737581779747
-0.303856371566008
-0.124441482126105
0.804638874271339
-1.98293736222046
2.02937229024688
0.135682588462215
-1.74990951802876
-1.9317473953997
1.28482663281503
-0.740587103672387
-0.764891045885218
-0.104657310970093
-0.415473376853728
-0.596741488612497
0.263548835615694
0.785467070434533
-0.143313128474365
-0.460422641600939
-0.653556371790674
0.606355237958928
2.04658592121893
0.394245552521517
-0.985455104549665
-1.12690489520676
1.98244551793552
-0.293885723417333
0.161526047212642
2.86134598614714
-0.346930780390984
-0.565183793248286
-0.848274939913891
-0.488738121794918
0.313616460557351
-1.67239390429452
-0.430873870364548
0.151311904048212
-0.889101742808159
1.13271347181938
-0.392044701609657
1.05709111064419
-0.596302091997272
-0.235595245213615
0.359775014141465
0.0128898589873278
-0.78659384359261
0.0436020470050426
-0.75781627802184
1.71600208159508
0.431746399387374
-0.96867577123855
0.224418606823446
-0.0043837970609187
-0.884033475648402
0.561793221682558
3.02625898693288
0.651109471507257
0.457480566245054
0.0961089856966438
-1.86166268160752
-0.12911983034965
-2.04042496715813
0.721444023894526
0.590827489916578
-0.833606352325759
1.79547509834479
-0.34221257733205
0.255406693212272
-0.509450941165485
-0.604221730183298
0.280732558135689
-0.266059218187766
1.33780543679853
0.898974785844051
0.713228523880525
2.3578222446321
-1.32205582430792
-0.593341612260869
0.439186963500332
1.48277769612945
-0.0830981011792357
1.07852331585049
0.124051380735881
1.37377612565163
-0.51149855264329
-0.0641137151561025
-0.812761185887056
-0.798166127017946
-0.62874713278015
1.00908535732094
0.922265862758367
-0.106759899851994
-0.735515258338213
0.489455733195675
0.845810004092133
-0.139966527098186
0.035275594534009
0.947189280698864
1.42429462439399
-0.778221455175608
-0.890727088393188
-0.561201405529363
0.359127210144847
1.89989695636557
0.0245400412914709
-0.0931025764371352
-0.274980919992973
-0.689930912649509
-0.475916554582053
-0.374406193697286
-0.308254976672228
-1.18734843867749
0.0936310700464927
-1.56409799845008
-1.26291360782449
-0.189516732517599
-1.28068996108133
1.04334588499659
-2.44514038058235
-0.296103125291475
0.191091198631089
2.17454744208398
-0.461301609559736
1.19643594050467
-1.50469688133408
-0.74051429029977
-0.243510696661749
0.331314249044634
0.674609652643298
-0.443427847222167
-0.313115978743377
-0.641157092509738
0.206276071481708
1.09468498070751
-1.05051828435094
0.658985585232123
-0.206017874266799
0.78095381999706
-1.59442823302894
-0.41852679123038
0.95979499951239
-2.41893740176063
-1.21506258473679
0.387606475302146
-1.37673461422675
1.61386108867184
-0.913503795844455
1.19392936885738
1.39365162620079
-0.704789055387863
-1.22976539413907
0.624380913409443
-0.149051240118735
-0.708959436021551
-0.468917434361575
-0.0626048223861909
1.38126275692111
-0.138962805988835
-0.0492393245929899
0.0261465881073856
0.848352310698189
-1.22083228456809
1.373271223494
0.0777832353427465
-0.69981341822993
2.85973708331684
-1.4020214335609
-0.28843447518146
0.62086759139274
-0.778112153108113
0.130797025943647
-0.887172503842644
-0.591021060202861
0.259977402768608
2.50393711250578
-0.906225932109895
-0.191862381026269
0.436548896316723
-1.30060100323049
0.355729940074272
-1.40474304289733
0.0845709691992871
0.231044963054544
0.629434023941576
-0.690539181577936
0.331280729549583
-1.05045293352466
0.317616095920887
-1.19335747358824
-0.279886017575472
-0.0752801288759413
-0.0676002118330102
0.135422320458706
-0.174141212436818
0.206080182905115
0.927770041678592
0.297270772578844
0.503770095823635
-1.81655039034298
-0.512828333621444
-0.227465538144812
-0.00841921691521293
-0.949490386447888
0.210228828042074
-0.516021089738845
0.620833126274938
0.157113624798136
-2.02708926751709
0.522458826984929
-1.41980770364297
-1.2730307524715
-0.151323530836413
-0.468512768807043
0.895475599090141
1.12564193797902
-0.423322435506406
1.59412063594943
1.22923163039444
0.0444549654644401
-1.03774692053212
0.14358558757175
1.45536431067878
0.949479561915987
-0.648411085424262
0.833984771423816
0.357971316411416
-0.858307474276861
0.0299914990311624
0.731846942228923
-1.26842877786261
-0.525366322379088
0.883514952164418
0.0910269175036885
0.394625710956323
0.174893252912448
0.905862632041776
1.24492756527226
-0.996525186413392
0.985330532770101
0.613182234538701
-0.165463039278355
0.649680809808498
-1.18969858446024
-0.0394993789783494
-1.40945786331297
0.134039199399792
-0.440655694850065
1.7089227295249
1.01238172177561
1.37428615060051
1.23906153074662
0.981943247365988
0.289325665238234
0.501187693646592
-0.112246730831715
0.318153259178932
-0.205580777517369
1.60650693606524
-1.59825591911375
1.41915572628432
-1.35685674485662
-0.317100512838615
-1.28586260346862
-0.877624516845785
0.68320850536123
1.0236824960668
-1.66670481111315
0.357820864384986
0.80566467878251
0.704641426494386
0.558445732024952
0.913379989029613
1.05785814683796
0.441116566374875
0.688530275779168
0.956593570304542
0.291204639094565
1.77963529366484
0.385285748602326
1.10261656603557
1.04451861610552
0.611926139005395
1.04961505775219
0.565396326840348
0.469733579584058
0.0146865064493826
1.10851606094107
0.231424581496898
0.109544851908607
-0.557493577720372
-1.00270832559311
-0.664469408054335
0.727425320817737
-1.78739399529913
-0.199529124326491
-0.436407769364654
1.38167765781348
-0.123724733282058
-0.405939613092472
0.744881701569279
-0.734857281962462
0.945900370761306
-0.896722262944266
0.145523341529144
-0.832655664641406
0.0345492982555812
0.571330548851188
1.03472952481142
0.140055690953952
-0.928429075000341
-1.23558007942911
-1.47620237606615
0.539870382226786
0.241384578134814
-1.8895801612465
-0.128369968071468
-0.785044020718144
-0.9578093234241
-1.30811600748159
0.937284562015195
-1.23045096430497
-1.32028199256345
0.208995881261185
0.490889045270308
0.542620159837064
0.553711944496056
-1.334185923571
-0.579946183057109
0.484759494065375
0.289883383499216
0.723471595349834
-2.31997158324832
-0.996321745624585
-0.678742902522884
-1.29617784362079
0.40726620105284
-0.441920296990016
0.8379430154194
4.23248122958826
-1.14621936620021
2.39924535086681
-0.314686648324955
1.33135307774925
-0.112586005982504
0.852807983604808
0.596194289479606
-0.91183205290218
-0.71950266635734
-1.38266009474404
0.27202865631409
0.857246731062625
-0.970969300068264
-1.41249517779945
-0.0729464082885077
-0.288558890597231
0.330792529714513
0.497757903854548
0.0300948561500502
-1.62137619839688
1.4503404432872
-0.652940061716725
