a,b,c,content
0.928520793542644,-1.23458737702453,0.0759962497078306,1
0.974579006114186,0.403727025111518,0.0758462349594976,3
1.16317689724565,2.03769756570838,0.0461641380389874,2
1.37906413985711,0.379248094723616,0.0714862136948981,1
1.10491659070179,0.919268613772184,0.106239627811591,2
1.05920331779463,0.24703597239929,0.135662719407904,2
0.970414632427517,-0.445061274319116,0.0376546207662634,1
0.932028428425783,-0.756744763202999,0.0602814003761951,1
0.908371998579518,0.999276606574691,0.0566409226363744,2
0.854535363026827,0.014104408471636,0.0855267722792679,3
0.792946903056685,0.00597826659209996,0.0630903583843438,1
0.932795517387538,1.03574289953564,0.0986005457779932,1
1.24354344098931,0.606153475529772,0.0651678903819111,1
1.03544857661587,2.46916600001268,0.13485108802253,1
1.01964761987172,0.928770484146114,0.0783796465037715,2
1.0182181799286,-0.359429562091365,0.0800502168997498,3
0.919297120742737,0.573634484728813,0.141860303244159,1
0.911579314056436,-0.438407368656602,0.108067811142115,3
0.951704547256837,-1.31464263968756,0.141749502078209,1
0.847009987333302,0.309088517607627,0.110253830083943,3
1.01619316971419,0.786558578750993,0.152267317708054,2
0.910480248400469,1.2854348957848,0.183495003907325,2
0.982630124394537,-1.07569728984398,0.171966328011741,1
1.07949227036037,-1.40384558813777,0.164980660744995,1
0.660289666141648,0.0595323190984771,0.124319324213181,3
1.024975247098,0.734397613760748,0.0732699246497634,1
1.13856207011136,0.810935017815281,0.0901395525566127,1
0.965023220486364,-0.184303930370626,0.15776210213377,2
1.02939038053637,0.214462485574468,0.10771316312045,1
1.1418040710358,2.79535475743289,0.0638537403926005,2
0.978535945328015,-0.0569047237668135,0.190044783029043,1
0.9505693797159,0.632909091013134,0.0505118800511157,3
1.23973996160076,-0.794580107772696,0.0976979360984737,1
1.06321476246035,1.34100970872783,0.0857969791864462,1
0.941018739632182,-0.265123116228117,0.079771493991457,1
1.29567487815457,1.21644639487305,0.0857469287157328,1
1.24029024239823,-1.22641121620061,0.0812444553189063,3
1.00578070575248,1.37533574810709,0.117446862982879,3
0.987481638771476,-0.305590777471207,0.0393049953599776,2
0.904736351494965,0.295623873593506,0.0255530953463911,2
1.0724455634407,0.102412995302795,0.1831681821813,2
1.22284433303293,1.47963145774964,0.142054134183677,2
1.04716284846172,-0.131408293956805,0.0733182780224973,3
0.865525797638795,-0.0160561655507568,0.0455710444481605,1
1.05003249633235,0.500618661178536,0.0990795487560367,1
0.971707703621916,1.94720559921816,0.17682827392418,2
1.02199542559983,-0.331098927408126,0.0595633760169621,1
0.939899967718734,-0.325465370145674,0.209946754655496,2
1.06208710811377,-0.207260142152535,0.10326711238775,3
1.06696341197057,1.02730473453918,0.0870338448414036,1
1.07380273913923,-2.11610152347005,0.105318705014828,2
0.912681861757317,-0.517972309824838,0.156987834155128,2
1.05751676769016,0.04972393655908,0.0990205939377557,3
1.11035797725181,1.49653804538054,0.135086937651587,2
0.759799068426863,-0.525960286103884,0.0557945382005847,2
1.04687068531383,-0.597910696043977,0.103575036619535,2
0.99064957785621,-0.249778703448446,0.0635549416649252,3
1.25441164787036,-1.5777802720076,0.18322891649608,3
1.11824759255602,0.476712816068222,0.0870829548822604,2
0.993841557846814,-0.139741248646482,0.0318199037959772,2
1.06925617652045,-0.857869136312343,0.163454424044913,2
0.773734763846612,0.602044263736442,0.0957933482973691,2
1.21380235643617,0.309315014230348,0.156829360026234,1
0.943060414389199,-0.593123783305187,0.12736870009168,3
0.912904566200411,-0.555514707779339,0.103903181344253,1
1.12582443692188,-0.530006681540362,0.0917901745219994,1
0.990749777942964,-1.17840034990472,0.0733766548561705,2
0.862753707849425,-0.111718049620061,0.0716060234260352,1
0.891958280984865,0.109403971020352,0.0401891992390125,3
1.34336236807785,0.603262212298506,0.0741424910735786,2
1.08601798363406,-1.26945826272586,0.152870789269454,3
0.843519331792273,-0.471361690527238,0.0872020845163786,2
0.975089325709204,-1.34394298004964,0.0994771363514849,2
1.09531257618698,-0.316336239950188,0.128145869881899,2
0.889928301875256,0.0134120596367031,0.0501766789448921,2
0.925299148181344,-1.47520260002728,0.0478972685934111,3
0.963975386272423,-1.52935344877085,0.10943910477116,2
0.877064888804151,0.99330681647694,0.0971615555730523,1
1.26184510384768,0.123500972173485,0.140287876955411,3
0.970090612989445,1.69408568365952,0.0831570896748014,1
1.07703266952791,0.761736022767902,0.141935734332382,2
0.823871768367514,0.0431103979674822,0.109461945266633,3
1.04008908524994,0.795755595377319,0.195769473809642,2
0.874100539339066,-0.660585011730867,0.138030614943711,1
0.878460947171034,1.10529332163278,0.0785633458437847,1
0.968383965837575,0.748323347770735,0.200278006040416,3
1.21476916592354,-0.352352690808597,0.0976116755001542,2
0.807881344874295,0.075935700440225,0.0589724069386598,3
1.16102857752925,0.551157795048171,0.0514762690541323,3
1.0170710115445,-1.2755739131228,0.135609317036995,2
1.31690262778735,-0.859496152324421,0.154153876587523,3
1.21184272106923,0.289765226366575,0.0428927735428507,3
0.918330636898783,0.593650510419204,0.128688849205819,1
1.37587123129506,-0.813778597277644,0.0787360364849207,2
0.988515475132745,-0.643925849880519,0.111455134565779,1
1.32451752957067,3.05402852513986,0.0866320432605266,2
0.99628665788583,0.422417404648519,0.0520111707366671,2
1.11216551046041,-0.84217367531098,0.0875831825275236,1
0.907144495070532,0.28614191479172,0.15043366352626,2
1.11440052817399,0.528135128254444,0.111464595612289,2
1.2949996117858,-0.0714155480786491,0.163862411561237,1
0.802591411707578,0.393394433865236,0.0643653693026542,2
0.973532192756173,-0.778116875476122,0.130672788048101,2
0.839608011643078,0.723152609442007,0.0624087487803436,3
0.848191880230152,0.634093814551119,0.099413298125271,2
1.14301708019403,0.576875741051559,0.235106416875845,2
1.07861468354238,0.498295519703532,0.100639218871835,2
0.921765537666314,-0.693593691024655,0.153143992355227,2
0.90169043492573,1.72673199513086,0.157343375685938,3
1.38123667210612,0.00501722502752573,0.103136997544408,2
0.909045347338038,-0.971213015882205,0.0914687688484195,2
0.900755168517835,0.31748835375887,0.0867101849696872,1
0.868119961613896,-1.30114794064316,0.10865731772481,2
1.11203624140456,-0.682049148901953,0.0448095800602735,3
0.865833254520976,-0.286391532708794,0.0770799335998459,2
0.886500020300014,-1.1553604519661,0.0366556721314685,1
0.880764909757586,1.50729712491771,0.0961572193320742,3
1.0403192595354,-0.883655140568393,0.146669344750455,1
0.911962272594621,1.37907641867977,0.0814341798578241,3
1.20214820135527,-1.32486632898386,0.0759644139488828,3
1.10907690949408,-0.566278150390706,0.113085597404636,3
0.854747648785671,1.47330481271449,0.123761737420772,3
1.03816746188117,-0.400145460890239,0.151478247917782,2
1.2011111205799,-0.969574260010068,0.222409788982264,2
1.14319183894122,-0.46697675405576,0.110024909636364,3
1.03067824853324,-1.51965708607903,0.101137671589392,2
0.820308952013594,0.603125572456263,0.0657152972375845,1
1.20982831778853,-0.381028580889091,0.110164893071823,1
1.21705356053112,-0.847022007673536,0.0840649847084314,2
1.09145807651504,-0.555023334905214,0.102311835689174,2
1.46300053183774,-1.39707851705374,0.0782599678717424,3
1.14072036816846,-0.451783915599378,0.158215065902314,1
0.769717788025705,-0.14600223940509,0.124613558512015,3
0.774790601715396,-1.03349374455073,0.147165477167215,2
1.15875569786562,-0.172659514851973,0.045166869200309,2
0.872946540096652,-1.97552633282608,0.0736014396213273,3
1.16743491545608,0.468235802300808,0.110967142959236,1
0.882727298077552,-0.816226542482768,0.0425765543918938,2
1.17128802524401,-0.122982334941719,0.133295803650443,3
0.758446076719756,0.117305422526287,0.0301280238764915,1
1.02215405570514,1.32134013372526,0.112607622707442,2
1.07405029611496,-0.775085427838585,0.155328654520663,3
1.10766795803736,1.33607750891071,0.116067580708186,2
0.99682926026222,-0.532909309867273,0.115131283559675,3
1.08010035617893,0.774394854275276,0.0949841650936084,3
0.879057334493549,-1.93314522874208,0.141451763022469,1
0.951214168492891,0.216444675375433,0.0662945948826087,2
0.87880905715751,-0.0414951155451541,0.101973933772527,1
0.881223317804574,-1.10021887842853,0.033885626862186,2
0.825751192039114,0.417869025350675,0.0711539383893844,3
0.950567639874586,0.571406267373294,0.146629009571677,2
1.06548347132511,-0.207227717616629,0.141861323905502,2
1.02734016634341,1.91210115723453,0.0776106234699659,1
0.996762699358894,-1.08999186668936,0.0778109508195971,3
0.956138850363482,0.0524756764569754,0.0646735257410564,1
1.07690510426896,0.187536462648346,0.0555774114935314,3
1.07274333821987,0.679048856697905,0.110304262482664,3
1.32866598162679,0.923777493802964,0.0612619982375025,3
0.70961919198633,-1.11757534701193,0.172098764604738,3
1.10739937916966,-0.452477309055166,0.101692282647909,1
1.06566226241904,1.69863933956839,0.0684981552389852,1
0.923552014257563,-0.0834963918930468,0.0985772910897975,2
1.11608199168556,-1.46605573927462,0.11368461274886,3
1.06107884018868,0.635676915772289,0.107218635778517,1
0.940237222342899,-1.62783390808187,0.114276167153956,3
0.783504348983838,-1.44880509655263,0.127582251355259,1
1.13541127053664,1.73434038220432,0.0617196598494165,3
1.03427624045206,0.874812655611651,0.0653574070477171,1
0.879899384045504,-0.693596464680074,0.0606487061845211,2
0.907267724463131,-2.46361894726143,0.0236846117637137,2
1.03320931531853,1.76798349248942,0.0539153582241214,3
0.934614510999757,0.0618770849597243,0.0811776820717923,1
1.16749770805072,0.165989038900979,0.0763915143427738,1
1.26542087774167,1.65395414296591,0.0818691731226952,2
1.07999121280924,-1.09590187310051,0.0766306194403688,2
0.940537404445728,-1.05487369635905,0.11177286610838,2
0.903824609366193,0.0745296243420234,0.0900557836167725,3
1.13928946551377,-0.0494361079808947,0.0789945202602119,2
1.0434050426058,0.812539453843504,0.110710340006809,1
1.02213295168436,-0.533967880479897,0.0794164244096092,3
0.958907728175705,-0.500441467322618,0.0696915948624763,1
1.2322008860023,0.245994005366452,0.0891378507304429,1
0.908459906404283,-1.11648670748297,0.217099697071488,3
0.991457376883654,-0.732797440830552,0.0749769464625331,1
1.0265172738604,0.78622765259036,0.0969865728683525,3
0.860141696291482,-1.9739324092572,0.150123790311903,1
0.830420122675046,0.0226237463035231,0.0992738020993314,2
0.989520111605466,-0.942274994362595,0.0668237386168797,3
1.10348411407816,-0.771440347998188,0.102326566065579,2
1.15329924189266,-0.483976836476512,0.122346058407322,3
1.08151281173041,-0.0775110509815809,0.0477991513767241,2
1.20603979438026,-1.83782438188234,0.102757322629094,1
0.997707069948122,-0.441333066988692,0.0893028808690463,3
1.19934392828865,-0.482062706177455,0.0657736958199762,1
0.766408504792847,-0.0326722228206846,0.0407363355150083,3
0.841240134800748,-1.48666216210396,0.102245427314732,1
1.11019868957035,-1.11262581039199,0.169010694156465,3
0.884431783166776,1.05045649807392,0.0821757774627424,3
1.11431692552981,-0.131968146708275,0.131888568182588,3
1.06612212230838,0.054190838387461,0.119494922255491,2
