theta
-1.37666365638087
-0.273752812689149
0.647309468060088
-0.18634456559423
0.262171860758948
-1.28098700964421
0.0390541677620228
-0.850574885452355
1.18899875649151
1.35223637218281
-0.618034622558083
0.105013722072664
1.31867781495037
-1.04751992948514
-1.08949453896647
-0.555445173767618
1.79854611480021
-0.138985771538852
0.441406064412952
0.840717215413569
0.677514554216725
-1.74080538389316
-0.377018619497263
-0.477646164133126
-0.458764462167268
-1.24506565733167
-1.0393524591944
1.76387294796355
-2.01645664776825
-0.817180793772981
-0.198485982988449
0.64004090014274
-0.761251999533968
-0.263457988337602
0.123520206199323
-0.437859076550365
0.401767113480526
-0.460521719123541
0.685244339938386
0.637376042960581
-0.999762790188279
-0.118541959386872
1.56973944677204
-1.94057109236248
0.953545040643268
-2.32138065269577
1.17191578174926
-1.15783317399371
0.412155375308054
-1.80331004525647